162
219
319
326
344
415
461
537
540
543
573
578
631
642
659
677
689
696
707
731
733
735
774
782
794
836
845
846
867
873
886
900
940
962
963
972
983
995
1013
1016
1019
1025
1027
1033
1035
1063
1080
1103
1112
1126
1131
1135
1142
1144
1147
1149
1150
1153
1157
1160
1182
1188
1205
1213
1221
1223
1230
1232
1245
1261
1262
1270
1277
1291
1302
1309
1310
1311
1321
1326
1339
1347
1354
1361
1370
1382
1393
1395
1401
1405
1414
1415
1416
1421
1426
1436
1447
1453
1461
1462
1465
1466
1470
1489
1504
1508
1513
1524
1535
1544
1545
1553
1554
1558
1569
1587
1590
1603
1610
1620
1631
1633
1637
1649
1665
1686
1687
1693
1701
1702
1712
1713
1715
1723
1731
1734
1741
1743
1747
1751
1754
1763
1771
1777
1780
1789
1791
1794
1825
1830
1832
1850
1853
1857
1863
1868
1886
1888
1891
1894
1900
1910
1911
1919
1925
1926
1932
1934
1935
1937
1947
1950
1965
1973
1978
1983
1985
1989
1994
1997
1999
2001
2003
2004
2007
2019
2023
2025
2028
2032
2036
2044
2057
2061
2062
2065
2072
2075
2076
2077
2095
2099
2102
2113
2119
2121
2135
2140
2158
2159
2170
2172
2176
2196
2198
2203
2206
2208
2215
2218
2219
2233
2242
2251
2263
2266
2278
2279
2281
2283
2289
2297
2299
2325
2334
2335
2340
2351
2353
2355
2356
2357
2363
2365
2374
2377
2379
2384
2402
2408
2409
2411
2416
2435
2441
2443
2453
2458
2460
2464
2466
2470
2473
2479
2487
2488
2489
2499
2516
2526
2529
2533
2536
2538
2545
2552
2554
2572
2580
2582
2583
2585
2588
2589
2598
2610
2618
2621
2622
2627
2637
2658
2666
2670
2679
2697
2704
2705
2707
2708
2713
2718
2719
2720
2723
2731
2736
2737
2742
2744
2754
2764
2769
2773
2787
2788
2790
2795
2799
2801
2805
2812
2813
2815
2826
2832
2834
2835
2836
2838
2849
2858
2860
2867
2873
2875
2881
2883
2888
2894
2897
2905
2909
2910
2915
2920
2921
2923
2924
2960
2966
2968
2969
2973
2977
2981
2984
2988
2990
2994
3001
3006
3013
3016
3017
3020
3022
3023
3024
3028
3032
3035
3036
3037
3044
3046
3047
3051
3055
3060
3064
3066
3068
3069
3073
3078
3079
3082
3085
3088
3090
3094
3095
3096
3101
3104
3106
3114
3115
3118
3120
3128
3129
3130
3135
3137
3138
3140
3141
3150
3151
3157
3158
3162
3164
3166
3169
3173
3178
3181
3182
3189
3194
3196
3201
3202
3203
3204
3206
3211
3215
3217
3227
3229
3233
3247
3248
3253
3255
3256
3601
3704
3747
3762
3793
3811
3818
3825
3848
3875
3884
3908
3942
3949
3971
3974
3977
4011
4015
4018
4030
4053
4060
4072
4074
4075
4080
4091
4111
4118
4122
4131
4136
4139
4150
4155
4166
4198
4200
4203
4220
4227
4236
4241
4245
4250
4253
4260
4261
4265
4268
4273
4278
4291
4297
4309
4314
4316
4323
4346
4358
4360
4362
4369
4371
4378
4395
4400
4409
4411
4425
4431
4448
4451
4454
4455
4467
4471
4474
4479
4493
4504
4509
4528
4529
4542
4543
4545
4554
4558
4559
4560
4564
4570
4576
4578
4580
4587
4602
4604
4607
4610
4634
4636
4639
4641
4645
